+-------+------------+----------------+---------------------+-------------+--------------+----------+------------------+------------------+
| index | word_count | sentence_count | avg_sentence_length | comma_count | period_count | ws_count | stop_words_count | stop_words_ratio |
+-------+------------+----------------+---------------------+-------------+--------------+----------+------------------+------------------+
| count |  68126.0   |    68126.0     |       68126.0       |   68126.0   |   68126.0    | 68126.0  |     68126.0      |     68126.0      |
|  mean |    23.6    |      2.57      |         9.79        |     0.96    |     1.57     |  23.82   |       10.1       |       0.42       |
|  std  |    7.9     |      0.87      |         3.63        |     1.1     |     0.87     |   8.15   |       4.46       |       0.08       |
|  min  |    13.0    |      1.0       |         2.5         |     0.0     |     0.0      |   12.0   |       0.0        |       0.0        |
|  25%  |    18.0    |      2.0       |         7.67        |     0.0     |     1.0      |   19.0   |       7.0        |       0.38       |
|  50%  |    21.0    |      2.0       |         9.0         |     1.0     |     1.0      |   21.0   |       9.0        |       0.42       |
|  75%  |    26.0    |      3.0       |         11.0        |     2.0     |     2.0      |   26.0   |       12.0       |       0.47       |
|  max  |    96.0    |      8.0       |         50.0        |     9.0     |     7.0      |   97.0   |       56.0       |       0.88       |
+-------+------------+----------------+---------------------+-------------+--------------+----------+------------------+------------------+