+-------+------------+----------------+---------------------+-------------+--------------+----------+------------------+------------------+
| index | word_count | sentence_count | avg_sentence_length | comma_count | period_count | ws_count | stop_words_count | stop_words_ratio |
+-------+------------+----------------+---------------------+-------------+--------------+----------+------------------+------------------+
| count |  34674.0   |    34674.0     |       34674.0       |   34674.0   |   34674.0    | 34674.0  |     34674.0      |     34674.0      |
|  mean |   35.02    |      3.28      |        10.94        |     0.14    |     2.28     |  35.78   |      14.26       |       0.39       |
|  std  |    8.43    |      0.79      |         2.49        |     0.49    |     0.79     |   8.66   |       4.47       |       0.05       |
|  min  |    9.0     |      1.0       |         4.5         |     0.0     |     0.0      |   9.0    |       3.0        |       0.15       |
|  25%  |    29.0    |      3.0       |         9.33        |     0.0     |     2.0      |   30.0   |       11.0       |       0.36       |
|  50%  |    34.0    |      3.0       |        10.67        |     0.0     |     2.0      |   35.0   |       14.0       |       0.39       |
|  75%  |    41.0    |      4.0       |         12.0        |     0.0     |     3.0      |   42.0   |       17.0       |       0.43       |
|  max  |    77.0    |      7.0       |         55.0        |     6.0     |     6.0      |   78.0   |       36.0       |       0.58       |
+-------+------------+----------------+---------------------+-------------+--------------+----------+------------------+------------------+