+-------+------------+----------------+---------------------+-------------+--------------+----------+------------------+------------------+
| index | word_count | sentence_count | avg_sentence_length | comma_count | period_count | ws_count | stop_words_count | stop_words_ratio |
+-------+------------+----------------+---------------------+-------------+--------------+----------+------------------+------------------+
| count |  37010.0   |    37010.0     |       37010.0       |   37010.0   |   37010.0    | 37010.0  |     37010.0      |     37010.0      |
|  mean |    25.8    |      3.03      |        10.12        |     1.23    |     2.03     |  26.55   |      12.06       |       0.45       |
|  std  |    5.79    |      1.19      |         5.96        |     1.58    |     1.19     |   6.05   |       3.62       |       0.07       |
|  min  |    11.0    |      1.0       |         3.33        |     0.0     |     0.0      |   11.0   |       3.0        |       0.1        |
|  25%  |    22.0    |      2.0       |         7.0         |     0.0     |     1.0      |   23.0   |       10.0       |       0.41       |
|  50%  |    25.0    |      3.0       |         8.5         |     1.0     |     2.0      |   25.0   |       12.0       |       0.45       |
|  75%  |    28.0    |      4.0       |        11.33        |     2.0     |     3.0      |   29.0   |       14.0       |       0.5        |
|  max  |   469.0    |      30.0      |        469.0        |    130.0    |     29.0     |  469.0   |      131.0       |       0.74       |
+-------+------------+----------------+---------------------+-------------+--------------+----------+------------------+------------------+