+-------------+-----------+
| comma_count | Frequency |
+-------------+-----------+
|      1      |   13752   |
|      0      |   12830   |
|      2      |    5503   |
|      3      |    1759   |
|      4      |    1464   |
|      5      |    942    |
|      6      |    530    |
|      7      |    195    |
|      8      |     25    |
|      9      |     4     |
|      10     |     1     |
|     130     |     1     |
|      11     |     1     |
|      30     |     1     |
|      21     |     1     |
|      32     |     1     |
+-------------+-----------+